3.14159265358979
323846264
33832795028
84197169399
375105820974
94459230781
64062862089
3421170678214
8086513282306
647093844609
550582231725359
40812848111745
028410270193852
11055596446229
489549303819644
28810975665933446
1284756482337867
8316527120190914
5648566923460348
6104543266482133
9360726024914127
37245870066063155
88174881520920962
82925409171536436
789259036001133
053054882046652
13841469519415
11609433057270
3657595919530
9218611738193
2611793105118
5480744623799
6274956735188
5752724891227
9381830119491
2983367336
2440
65664308602139
49463952247371
90702179860943
70277053921717
62931767523846
74818467669405
1320005681271
4526356082778
5771342757789
6091736371787
2146844090122
4953430146549
5853710507922
7968925892354
2019956112129
0219608640344
1815981362977
4771309960518
7072113499999
9837297804995
1059731732816
0963185950244
5945534690830
26425223082533
4468503526193
11881710100031
3783875288658753
32083814206171776
6914730359825349042
87554687311595628638
823537875937519577818577
805321712268066130
0192787661119590921642019
938095257201065485863278
865936153381827968230301
952035301852968995773622
599413891249721775283479
13151557485724245415069
59508295331168617278558890
75098381754637464939319255060
400927701671139009848
8240128583616035
637076601047101819429555961
9894676783744944825537
977472684710
4047534646208046
684259069491
2933136770289891521047
5216205696602405803
81501935112533824300355876
402474964732639141992726042
69922796782354781636009341
7216412199245863
503028618297455570674983
85054945885869269956909272
10797509302955321165344987
027559602364806
65499119881834797753
5663698074
2654252786255181841
757467
289097777279380008164
7060016145249192173217
21477235014144197356854
8161361157352552133475741
84946843
852332390739
4143334547762
41686251898
356948556209921
922218427
255025425688767179049
4601653
46680498862723279
1786085784383
827967976681454100
953883786360950680064
2251252051
173929848960841284
8862694560424196528502221066
1186346776465757
39624138908658326459
9581339047802
75900906
74427862203919494504712
37137869609563643
71917287946
576407895126946
83983525957098258
22620522
489407726719
4782684826014769
909026401
36394437455305068203496252
45174939965143142980919065
9250937221696461515709858387
4105978859597729754989301617
5392846813826868386894277415
5991855925245953959431049972
52468084598727364469584
8653836736222626099124608051
24388439045124413654976278
0797715691435997700129
616089441694868555848406353422
0722258284886481584560285060168427
3945226746767889525213852254995466672782398